   0.8100244  -0.8237216   0.5556690  -0.4895936 2
   0.9383500   0.9492837  -0.0181038   0.8766168 0
  -0.9436094   0.9455194  -0.4860223  -0.7365841 2
   0.8327533   0.7828931   3.5551522   0.5728729 0
  -0.5950513  -0.8519607  -1.2153099   0.4151667 0
  -0.8343661  -0.9244832   1.1239431  -0.8023648 0
  -0.6273691  -0.8065058  -3.1078477  -0.2464002 1
  -0.9448316  -0.3940314   0.7819126   0.8505021 2
  -0.7495734  -0.8420934   0.1373177  -3.0496188 0
  -0.7973322  -0.6373760  -1.3819451   0.4417274 0
  -0.0817978   0.8588094  -0.6394122   1.6045857 0
  -0.0346235   0.8975918   0.3841196  -0.6179648 2
  -0.1473448   0.9256637   2.5557042   0.1336110 0
  -0.2132818   0.7004546  -0.0462092   0.6196422 0
  -0.3015922  -0.9331697  -1.1053514   1.3049972 0
  -0.3383431  -0.6561507   0.3873969   1.6144162 2
  -0.1995585   0.7691910   2.2278696  -0.2654576 0
  -0.2383613  -0.9906603   0.5934411   2.2385952 0
  -0.1678689  -0.9110477   1.1819251   0.6753470 1
   0.0029130  -0.7145279  -0.4061610  -0.9708492 0
  -0.0569404  -0.8621539   0.0396271   1.8414625 2
   0.1183624  -0.9166593   1.7985050   2.6835896 0
  -0.0135914  -0.8222366  -0.9558678   1.3137593 2
   0.3322207  -0.8628897   0.8354979   2.3954738 1
   0.5117850  -0.8200931   0.9047190  -0.4343302 0
   0.4285023  -0.6909558   0.4654695   0.5669445 0
   0.9187430  -0.7260947  -1.3513594  -0.9166175 0
   0.8372654   0.8979660  -1.9380236   2.0470125 2
   0.3326721  -0.7449965   0.2948577  -0.8792029 1
   0.8673667  -0.6678327  -1.5652480  -0.4178974 1
   0.6216049   0.9592301  -0.2972526  -0.9207587 0
   0.7341242   0.9850050  -0.3294639  -0.5606789 1
   0.7803807   0.8028467   1.5733833  -2.5921597 1
   0.7416474   0.7616329   0.3479639  -2.1785651 0
  -0.7316123   0.9132392  -0.7006440   1.9519619 2
   0.9937358  -0.9611926  -0.4477630  -0.2193333 0
  -0.7057555  -0.7308514   0.0143646  -0.9067213 2
  -0.5786061  -0.7462993   0.5959041  -1.0920736 0
  -0.8226453  -0.9925413   0.6622065  -2.3837385 0
  -0.8221362  -0.8562330   1.2648779   0.5356386 2
  -0.8347402  -0.5772592  -0.0999869  -0.2123278 0
  -0.2434448  -0.9238160   1.6707549   1.6128327 2
  -0.2686103  -0.6275722  -0.6888999  -0.1071196 1
  -0.1809462  -0.9820255   0.5008342  -1.5570793 0
  -0.2979109   0.8530230   1.8382902   1.2254220 2
  -0.2199733  -0.7988717  -0.5803949   0.9149654 1
   0.2202424  -0.8366178   1.5921865  -0.7486448 0
  -0.1255537  -0.9504099   0.7920986   1.3584561 2
  -0.0469504  -0.6100888  -1.5528211   1.5013474 0
  -0.3592894  -0.8987407  -1.4528075  -0.9706572 0
  -0.1573888  -0.6338578  -0.4881663  -0.0890291 0
  -0.0192151   0.8380337  -0.7002870  -0.4320183 0
   0.0124033   0.9336811  -1.1220140   0.0857271 1
   0.3017481  -0.9137285   2.0022023  -1.4148444 2
   0.5344801  -0.8804909  -1.1363355   1.3218077 0
   0.4332189   0.9186400   0.7060984   0.9229027 1
   0.4268684  -0.3559768  -0.9855334   0.5001427 0
   0.9934964   0.9815146   0.3469623   1.4862039 0
   0.4530481  -0.9670244   0.5266160   1.0596800 1
  -0.8958763   0.9195493  -0.6465372   0.4575623 1
   0.8837231   0.9343124   0.6030385  -0.4388682 0
   0.6878366  -0.7088504  -2.3094778  -0.8174669 0
   0.2973608  -0.7004960   0.2505412  -1.3581535 2
   0.7914264  -0.9933976   0.6977553   1.4711368 2
  -0.8676542  -0.3629368  -2.1865578   0.8101137 0
   0.8891666   0.8192674  -0.4885273  -0.0691110 0
   0.6129841  -0.9889720   0.7277136  -0.1228829 1
  -0.7841315  -0.7983449  -1.2022621  -0.6821053 0
   0.8494334  -0.8847753  -2.6944270   0.4347761 0
  -0.8957487   0.9856896   3.0853715  -0.8213220 0
  -0.8771597  -0.4156085   2.7184823  -2.2456803 2
  -0.6936699  -0.6716195   1.3315226  -1.3549015 0
  -0.7586161  -0.7484343   0.8592812   0.2670294 1
  -0.6046965  -0.6628238  -1.6650860  -0.1023815 0
  -0.7514205  -0.6764118  -0.4810556  -1.5429477 0
  -0.2531133   0.7342792   0.1427799   0.0253878 0
  -0.2952551  -0.9950952  -0.6066325   1.0271327 0
  -0.3121544  -0.7312700  -0.7057450   1.8749095 0
  -0.0602293   0.7029465  -2.7042692   3.5199089 1
  -0.3972001  -0.6169702  -3.4075312   0.8789626 2
   0.1723258   0.6541050  -0.0845244   2.7823096 0
  -0.0475207  -0.9902165   1.3148338  -1.5818072 2
   0.1246118  -0.7076692  -1.7762873  -1.1209316 0
   0.2337094   0.9482067  -0.5364531   1.4364040 0
   0.3251338  -0.9578134  -0.7283346   0.2230433 0
   0.1852405   0.9035367  -1.0364830   0.8370142 0
  -0.0746512  -0.7060497  -0.6109101  -1.8309124 1
  -0.0452986   0.9572465   2.8562916   2.5248186 0
   0.3923138  -0.8451217  -1.3387981  -0.5284835 1
   0.3710019  -0.9153477  -0.5046594   1.2287276 2
   0.4678986  -0.7370630  -0.8955067  -0.1861683 2
   0.5107091  -0.7036642  -0.3599821   0.0263359 2
   0.8871714  -0.8190853   0.8026628  -0.2937510 2
   0.9593579  -0.1895525  -0.8969933  -2.8552102 1
   0.8092955  -0.9143315  -0.5331396   1.3978915 0
   0.9578307   0.8758594  -1.6606196   0.0405615 0
  -0.8120022  -0.5182541  -0.5554374   0.1621638 2
  -0.6323950  -0.9697614  -1.1241349  -0.9000554 0
  -0.9254229   0.8102603   2.9536547   0.9320774 2
  -0.9975459  -0.8976336   1.1601895  -0.8558678 0
   0.8584222  -0.9790983   0.7986214   1.4153004 0
  -0.7012302  -0.9719905   0.6990963   1.2507795 0
  -0.8286728  -0.7649743  -0.4953784  -0.3710764 2
  -0.8626671  -0.6326935  -2.7366798   0.8753452 1
  -0.1956273  -0.8560898   2.4828716   0.0473259 0
  -0.8701794  -0.5280057  -1.4232841  -1.1105322 2
  -0.4019919  -0.4712695  -1.0536625  -2.3793618 1
  -0.4975876  -0.6335976   0.1156572   1.7554845 0
   0.0088573  -0.6026350  -3.3219623  -0.2764709 0
  -0.4211216  -0.6650381   1.9840525   0.0920143 0
  -0.2578403  -0.3542326   1.1185110   0.7113773 0
  -0.7223892  -0.5410133   0.3301848   0.8001410 0
  -0.3725973  -0.7095695  -0.1519792  -2.3825932 0
   0.1864162  -0.3213474  -0.0727371   0.1685867 1
   0.0045966  -0.8868904   0.2813948  -1.8130221 0
  -0.1303979   0.9908634  -0.9936446  -2.2834648 1
  -0.0900199   0.9185446  -1.6275612   1.8739600 2
   0.0079750   0.9913377   1.8914502  -0.9763653 1
   0.2446223  -0.7270269   3.2141225   2.0758873 1
   0.3176492   0.9726243  -1.7468010  -0.4008010 0
   0.1888302  -0.7341810   0.5132178   1.2351611 0
   0.3976035  -0.4387652   0.0410287   2.0649025 0
  -0.9497773  -0.9214383   0.1261548  -0.0940651 0
   0.6359632  -0.7490552   0.7336298  -1.3796938 2
   0.6008281  -0.8020959   0.0844781  -0.1607471 0
  -0.9494341  -0.9862765  -1.8329881  -0.0893419 1
   0.8530214  -0.6198101   0.8902082  -0.4642447 0
  -0.9191468  -0.5005882  -0.1392800  -0.5632850 1
  -0.8898369  -0.7552631   0.4678607   2.7457279 1
  -0.8057814  -0.7070931  -1.5679281   1.5728586 1
  -0.8947262  -0.9621766  -2.0582502  -3.0651946 0
  -0.5992693  -0.6014999  -0.0466698   2.3532873 1
  -0.9105309  -0.6670079   0.1833638  -1.1890001 0
  -0.6681852  -0.8562317   1.0393091   1.7440949 2
  -0.5185957  -0.7448964  -1.2786221  -0.6165484 1
  -0.8655011  -0.7089386  -0.6501152   0.1213804 1
  -0.4793793   0.9468666   0.5509206  -0.6145916 2
  -0.5550749  -0.6408467  -2.4594716  -2.0109164 0
  -0.6835463  -0.7970529  -0.8085739  -1.6082400 0
  -0.3781601  -0.9640215   0.3276987   0.3651200 2
  -0.2769148  -0.8192836   0.3033705   1.3504923 2
   0.1658434  -0.8256484  -1.2581713   1.4936343 1
   0.0651093  -0.7114430  -0.2458677   3.7374751 2
  -0.1492648  -0.5656180  -0.3433009  -2.7498841 1
  -0.1376821   0.7943094  -0.0321224   1.0999765 1
   0.1567251  -0.5389468   1.2698981  -0.5309218 2
   0.1533249   0.8127727  -1.4492529  -0.9104921 0
   0.0314366  -0.5175928   0.8104966   1.4449389 0
  -0.2416989  -0.7454194  -2.3414109  -0.5002131 1
   0.1821204  -0.9993201  -0.4706452  -0.9628176 0
   0.3889777  -0.7608584  -4.1147475  -0.9995471 0
   0.4882896  -0.5231105  -1.2643791   1.2529281 2
   0.8403952  -0.7766982  -0.8401263  -0.3699616 1
   0.2759266  -0.8585495   0.8599572   0.0361338 0
   0.9401694  -0.7988285  -0.4297795   1.9327895 1
   0.5851098  -0.8664251   0.7990760   0.7473338 0
  -0.9552778  -0.7250115   0.2983150   0.9226880 0
  -0.8673654  -0.8837520   1.2402424   0.3882462 0
   0.9485753  -0.8554852   2.1137442   2.2279255 0
  -0.9854082  -0.8437061   1.5114340   1.3572902 2
  -0.7815290   0.9545283   1.4833171   0.3322942 1
  -0.7077848  -0.3038424  -1.1912660  -0.7504529 2
  -0.9562235  -0.6262521  -0.6472616   1.1051961 0
  -0.4025073  -0.7816651   0.0146203  -2.4695578 0
  -0.4675366  -0.5710224  -0.7366084  -0.4216652 0
  -0.4302260  -0.7311164   0.5325758  -1.7520634 0
  -0.4134254  -0.3925078  -0.3031640   0.6000673 2
  -0.8584767  -0.8101299  -0.9218342  -1.9260343 2
  -0.4487059  -0.4427275   1.6354060  -3.0503284 1
  -0.9095867  -0.5767860   0.3680083   1.0369557 0
  -0.2703422  -0.8800544   1.4462430   0.0492473 2
  -0.3318068  -0.8440694  -1.0991266  -1.0147010 1
  -0.2900032  -0.5651137   1.4070678   0.7748446 0
  -0.2451040  -0.5229188  -1.3016583   1.6657232 2
  -0.0550235  -0.4266789   1.1108131   1.6389814 0
   0.0669356  -0.5967260  -0.1598851   1.5424366 0
  -0.2025481  -0.5864929  -1.9406527  -1.2634205 0
  -0.0147924  -0.5512250   1.2179102  -1.0402265 1
   0.0677651   0.9665197   2.0527504  -0.6520557 0
  -0.1201601  -0.7512302   0.7354799   1.6923186 1
   0.0602834  -0.7720180   2.3249419  -0.3276935 2
   0.4499955   0.9723881   0.2834058   2.7206833 2
   0.1511310  -0.7728774   2.3555587  -1.4713824 0
   0.6573648  -0.8732344  -0.4051079  -0.7759955 0
   0.6873416  -0.5637043   2.2250510  -0.0491045 2
   0.6319659  -0.6885682   0.0963594   1.6237142 0
   0.4963358  -0.4601569   0.6340013  -1.0670525 2
   0.7524182  -0.9465178   2.6195326  -0.4075129 1
   0.9540353  -0.9131467   0.8457765  -0.1885463 0
   0.9531458  -0.5373061   0.7418614  -3.3436988 0
   0.9849260  -0.6500649  -0.4063781  -1.8467949 0
  -0.7976610  -0.3350117  -1.4829065  -0.0347712 2
   0.8921597  -0.5246135   0.7956714  -0.4703412 0
   0.9676678  -0.5893935   0.4808199   1.6629111 0
  -0.7195611  -0.9116184   3.1732975   1.4834972 0
  -0.5128756  -0.5231500   3.3040398   0.5968348 0
  -0.3421680  -0.5853330   1.6513137  -1.6253192 0
  -0.5084356  -0.4555824   0.8342508   1.3364670 1
  -0.9001329  -0.1483888  -0.3812174  -0.1884476 0
  -0.7023947  -0.4858810  -1.2186401   1.2210777 0
  -0.9729695  -0.5490677  -2.6460224   2.6862847 2
  -0.4119385  -0.5380411  -1.6946067  -1.8274381 2
  -0.1052561  -0.8905293  -0.5248400   0.5927127 1
  -0.7123162  -0.6147731   1.0376555  -1.9107956 1
  -0.3620578  -0.3750422   2.0265431   2.2241636 1
  -0.4963165  -0.3080109   0.9277485   0.9696862 0
   0.0966787  -0.5274310   2.9349127  -0.4204207 0
  -0.4123286   0.9825545   0.1569990   0.4090336 0
  -0.1120021  -0.8378214   2.8794022  -0.3478919 2
   0.2685418  -0.1915298   0.0860832  -1.2826837 1
   0.3069663  -0.2732465   0.9504113   1.2241073 1
  -0.0753749  -0.5663452  -0.4508897   1.2554861 0
   0.0574073  -0.9685446   0.0379323   1.3701769 0
   0.0444494  -0.8220236  -0.6414013  -0.9589434 0
   0.2482002  -0.5980131  -0.5905057  -2.3757494 0
   0.5519460  -0.7817890   1.1143942  -1.3125310 1
   0.6665646  -0.4778371   2.5878408   0.9603904 0
   0.8961653  -0.9355900  -0.1660663  -2.0331534 2
   0.3263649  -0.4997728   1.3869340  -1.6686317 1
   0.4247184  -0.2601479  -1.5856656   0.7245098 2
   0.2301953  -0.8939234  -1.4510769   1.2694493 2
   0.7872186  -0.7507265  -0.1476120   4.2815499 0
   0.9325999  -0.6629050  -1.1433351  -0.9753626 0
  -0.9935529  -0.2862760  -0.1257862  -0.0142669 0
   0.9268418  -0.9851915  -0.8250714  -2.0398510 1
  -0.9190601  -0.3409578  -0.8302365  -1.3310980 2
   0.9030923  -0.5780311   1.2736709   1.5516650 1
  -0.8665326   0.0063004   0.3622780  -3.0996832 1
  -0.6244906  -0.3213498   0.8286660  -1.2169253 1
  -0.7421857  -0.3597631   3.0188007  -3.5580216 1
  -0.6454047  -0.4892729   4.5469481   0.1786160 0
  -0.7657264  -0.5892141  -2.3181014  -0.2651857 1
  -0.6469355  -0.2243265   0.3968910   1.8534871 0
  -0.0352546  -0.6659168   1.0586205  -1.3888698 0
  -0.2722169  -0.1883352   1.9406073  -0.3926026 0
  -0.2202102  -0.6655458   2.6469820  -0.5211538 2
  -0.6460625  -0.6302642  -0.9908979  -1.3712520 0
   0.1906584  -0.9472445   0.2145584   0.8805922 1
  -0.1675109  -0.8019776  -1.3565442   0.5143853 1
   0.0117664  -0.3073749   1.7724357   0.9298073 0
  -0.2399999  -0.1429904   0.1607099   1.2504187 0
   0.3635158  -0.2700657   0.0609333   0.3053795 0
  -0.0611199  -0.5106181  -0.9707275   0.8896392 2
   0.1153288  -0.8458715   2.3283535  -1.4739494 1
   0.1667057  -0.8811174   1.1145644  -2.4947081 0
   0.5427518  -0.1946497   0.9071869  -0.6517997 0
   0.6121546  -0.3066715   2.2870391  -0.4689242 1
   0.4266155  -0.6175047   1.3179209  -1.4031790 1
   0.5418135  -0.5012727   2.3780333  -1.1868847 2
   0.1839509  -0.6616401  -2.0676277  -1.5025089 1
  -0.9182318  -0.8053070   0.7439986   1.8306937 2
   0.8543560  -0.4621281   2.0354594   0.6046694 1
   0.6002440  -0.3792817  -1.4240618  -0.1469017 0
   0.8786298  -0.2855615   1.5230325  -1.2834604 0
   0.9885821  -0.4948204  -2.4938608   0.9113746 2
   0.9237573   0.0538186  -1.4573521  -0.2157431 0
  -0.6953062  -0.4024065  -1.0959519   1.6960004 0
  -0.8022556  -0.2109330  -0.2200871  -1.9775314 1
   0.9112605  -0.1418825  -1.2938471  -1.1004605 1
  -0.8118354  -0.3853063  -2.7359689  -3.1707157 2
  -0.8648798  -0.3068548  -0.6272205  -2.8762317 0
  -0.5641076  -0.0968830  -1.6382648  -1.1032191 1
  -0.5969966  -0.5336364   0.0718445  -0.4001054 0
  -0.6020638  -0.2574264  -2.0649500  -0.9351355 0
  -0.6722019  -0.5745909   0.2466000   0.6304482 2
  -0.3065866  -0.2928005   0.5350496  -0.5403733 1
  -0.3359036  -0.7838938   0.4328266  -3.4243294 1
  -0.2475311  -0.4113890   0.6264134  -1.5191483 0
  -0.1340849  -0.3457152   2.0715886   0.4241230 0
   0.2922884  -0.7831261   0.8114152   1.5863799 1
  -0.5603730  -0.2989251  -0.1570289   2.4720850 0
   0.1633902  -0.3741959  -0.2738719  -1.6338726 2
  -0.0075818  -0.2166976   0.7851284  -2.2280062 0
   0.5971358  -0.1644163  -0.3737815   0.2181102 0
   0.1016667  -0.3766555  -0.6545345   0.6326301 0
   0.5261448  -0.5723356   0.3124739   0.7863351 1
   0.4938207  -0.1486814   1.8250702   0.6988337 2
   0.4474816  -0.5670107   0.1479083  -1.8509292 2
   0.4582867  -0.3066889  -2.0215213   0.5698354 1
   0.3965546   0.9955539  -0.7599309   0.5042374 2
   0.7610850  -0.4035567   0.5666863  -1.0769690 1
   0.2986547  -0.6309172   1.6521368  -0.4692903 0
   0.7461424  -0.1726713   0.6191475   0.1277959 0
   0.4746969  -0.2041311  -0.2351864   2.1428534 0
   0.9689831  -0.2466878  -1.8825590  -2.0058914 0
   0.8112743  -0.4262386  -0.8368441  -1.0309700 0
  -0.7647411  -0.4123123   0.8337723   1.5557618 2
   0.9929825  -0.7826612  -0.8785454  -1.2099541 2
  -0.8719859  -0.2386597   0.6102003  -0.9295312 2
  -0.8055997  -0.2745454   1.0524145  -0.8828571 2
  -0.9841186  -0.1720122  -0.5086123  -0.8175058 2
  -0.9983833  -0.3419094   1.4499600   2.4112117 0
  -0.6774940  -0.3485093  -1.0816132  -1.4810987 0
  -0.8675621  -0.4684735  -2.1603522   1.6937806 1
  -0.6191037  -0.1473046   1.6328658   0.5993382 0
  -0.5730521  -0.3638994  -1.0836809   1.8266730 0
  -0.6864784  -0.1350597  -1.8176160  -3.7314075 0
  -0.5862239  -0.0391661   2.4710357   0.3929797 0
  -0.0985619  -0.1650852  -1.6632060  -1.1776809 1
  -0.1262970  -0.4054585  -0.9751687  -2.5215342 0
   0.4160143  -0.0558642  -0.7401402   1.7013187 2
  -0.1785535  -0.2484110  -0.9768156   0.0001477 0
  -0.2311481  -0.4665269  -2.0370147  -0.5946609 1
   0.0342003  -0.3655842  -1.6546514   1.0694386 0
   0.2365160  -0.2468392   1.0249178   0.8169482 0
   0.1801283  -0.4675890  -3.3520020   2.6718361 1
   0.0340401  -0.6599956  -2.0796082  -1.8198963 1
   0.2707084  -0.5267064   0.9441549  -0.6686980 2
   0.4864622  -0.3566782   1.1811355   0.3104476 1
   0.3716097  -0.5567786   0.6474957  -2.8285659 1
   0.2864001  -0.4500974   1.0892071  -0.8753995 0
   0.5420265  -0.3704585  -1.2079996   0.9322337 1
   0.7781760  -0.4782363  -1.4210877   0.3038837 2
   0.8208609  -0.5163264  -1.2458997   1.1137844 1
   0.7411286  -0.6411322   1.6578523   0.4100396 2
   0.7308962  -0.5178916  -1.0269248  -1.1786451 1
  -0.9898299  -0.4306165   0.1917309   0.3740389 2
   0.7902206  -0.6092990   0.0126456   0.0762206 0
   0.8382066  -0.5675059  -0.2798502   0.3236811 0
   0.9777507  -0.7169309   1.2356342  -2.2790041 0
  -0.9279744  -0.4492235   0.0924046   0.8624242 0
   0.9005478  -0.2039197   0.5688081  -0.6003712 0
  -0.9325531  -0.2808413   0.9780645   2.1471950 1
  -0.4779559  -0.2462573   2.4035547   0.8756541 0
  -0.5861323  -0.2010778  -1.0063339   0.3979709 2
  -0.4784111  -0.0231099  -1.8416848  -0.0394147 0
  -0.6588041  -0.2783267  -1.7055692  -0.6945816 2
   0.8597402  -0.1617365   2.8376036   0.4759033 0
  -0.6126623  -0.4419490  -1.4457233  -0.7337304 0
  -0.7607871  -0.4943502  -0.4727761   0.5137236 1
  -0.3627589  -0.2588735   1.9697466   0.6932363 0
  -0.0594611  -0.9228575  -2.4067888  -0.2007327 0
  -0.1804243  -0.7439451   2.3220476  -0.8469692 0
  -0.1194994  -0.5151589  -4.7306839  -2.6292759 0
  -0.1878803  -0.3962077  -0.0275020  -1.9965592 0
  -0.3069525  -0.4047900  -1.9156578   0.8157389 0
   0.2652489  -0.3909216  -1.2684932  -0.2337282 1
  -0.1805700  -0.4535774   0.0402876   0.7792137 0
   0.1883194  -0.5977604  -3.2098739  -1.9482867 2
   0.5125177  -0.9338304  -0.3503625   0.1389359 2
   0.4261215  -0.4985203  -0.0912626   0.9571626 0
   0.1263638  -0.4369010   1.6363495  -0.6297912 0
   0.3675535  -0.6963272   2.4199856   0.2354725 2
   0.7089934   0.0726380  -0.6959845   1.8171253 0
   0.6391035  -0.5259991  -0.8516056  -0.3969318 0
   0.7469294   0.0291170  -2.3906640  -0.5110316 0
   0.6358583  -0.5837434  -1.7990818   0.5382344 2
   0.6659434  -0.6307139  -0.6478190   0.3590312 1
   0.6936472  -0.3798892  -2.9403332  -3.7098056 2
   0.8655870  -0.3947204  -1.3307194  -2.0113923 0
  -0.9964341   0.4000139  -1.3929069   1.5713463 0
  -0.9751634  -0.2331156   0.8623014  -1.4628703 0
   0.9255629  -0.0817075  -1.1204127   1.2232423 1
   0.7703736  -0.5573988   0.2292461  -1.3533268 0
   0.9986018   0.0062718   0.4043574  -1.1060064 1
   0.9238529  -0.4612544  -0.7310686   0.8187243 0
   0.9943099   0.0786045  -1.1982856   0.7963482 0
  -0.8125587  -0.4535394  -0.2077215   0.3540611 1
  -0.7175728  -0.1902877   1.9747786   0.9294307 0
  -0.6938765  -0.0438397  -0.2908795   0.2663595 1
  -0.4311407  -0.2794282  -0.6800927   1.4678351 2
  -0.4486441  -0.3330415  -1.3472278   0.4777891 2
  -0.4517084  -0.4984304   2.4582956  -0.3599441 1
  -0.3536641  -0.4315561   0.0543334  -2.0455595 0
  -0.2506031  -0.2728161   1.6176342   0.9331934 1
  -0.2932460  -0.4778392  -0.8134121  -0.5907612 1
  -0.2792177  -0.6845520   2.4953635   1.2439474 2
  -0.1577952  -0.2968761  -0.2763166  -1.2629687 0
   0.0707484  -0.3052705  -1.6783087   0.5666647 0
   0.3164973  -0.1533716   1.0360554  -1.9195520 2
   0.4419520  -0.4167541   0.7710213   1.9391470 2
   0.5805857  -0.5424105  -2.7809544  -2.5890768 0
   0.3756853  -0.3393808   0.2131575  -0.3339621 0
   0.0817664  -0.4723998  -1.2278904   0.6456574 2
   0.3315150  -0.2110352   1.0842452   0.1387272 0
   0.5794036  -0.6017719   0.8628201   0.7287342 1
   0.6239235   0.2711023   1.3816352   0.6385315 0
   0.8265805  -0.7134848  -2.4513974   1.2580993 0
   0.5135282  -0.2438558   2.2936843  -0.4614239 0
   0.8118086   0.0061228   3.3108079   1.4183714 1
   0.9639151  -0.1298317   0.2371726  -0.4698141 2
   0.6539962  -0.4171591   1.2144941  -0.2889821 2
  -0.9170807  -0.2025013  -1.4286288  -1.6497946 0
  -0.8482053  -0.0536636  -2.4762025   0.5311347 2
   0.8692385  -0.3423146  -0.8078595   2.5962555 1
   0.9198795  -0.3759287  -1.4257612   0.8435417 1
   0.6656933   0.1143764  -0.3233191   2.2591584 0
   0.8691123  -0.1008894  -0.0594650  -1.2434824 2
  -0.7672999  -0.1705477  -1.0292615  -1.2159264 2
  -0.7446809  -0.1150966   3.1166065   1.1378079 0
  -0.5651221  -0.4771767   1.6507154  -0.1006872 1
  -0.5267876  -0.5795197  -0.6216000  -0.2117219 0
  -0.5426814   0.0645991  -1.0432285   0.0506439 1
  -0.3449036  -0.5116003   2.3449344  -0.7405565 0
  -0.3144902  -0.3488439  -1.8389455  -0.5746223 0
  -0.0987606   0.0745637  -1.1691837  -0.3705217 0
  -0.1232614  -0.0883282   1.6670940  -2.4244900 0
  -0.3825328  -0.3173254   0.8567981  -0.1468989 1
   0.1269954  -0.6168026   1.2509429  -0.0546893 0
  -0.1093064  -0.4538308  -1.8529413   0.5105374 2
   0.7059277  -0.1169511   1.7645887  -1.2794679 0
   0.5340303  -0.3074180  -0.5467528   2.1147856 0
   0.1288292  -0.3230603   1.3083149  -1.4758077 0
   0.5613146  -0.4384878  -0.7316786   2.3774901 1
   0.6494249  -0.1064528  -0.9945018  -1.1061537 0
   0.3913468  -0.1841978  -0.8951138   2.0744689 0
   0.4843072  -0.6155801  -0.3011929  -1.2704604 1
   0.7403774  -0.2880215  -1.2143797   0.2991836 0
   0.5917141  -0.6528157  -0.2085888   2.6461588 0
   0.5323742   0.0694032  -0.6743728  -1.2251672 0
   0.8346445  -0.2424234   1.0463642  -0.4687705 0
   0.3127994   0.1060098   0.7977702   0.5323337 1
  -0.9184210   0.0783442   0.9461509  -0.3527913 0
   0.9984001  -0.0847926  -0.9727830   0.0506816 0
   0.9340198  -0.0149002   1.8517283  -0.0226184 1
  -0.9649409   0.1422551  -0.0230081  -1.3226308 0
   0.8719399   0.0281289   0.6820736  -0.6080196 0
   0.8193618  -0.3680876   0.2225623  -0.6613910 0
  -0.8114919  -0.1134360   0.3214354   1.1801999 0
  -0.7477955  -0.2583934   1.1705733  -0.4494802 0
  -0.6387779  -0.0041414   1.0942767   0.1562413 2
  -0.4298365  -0.1626098   1.3051198  -0.2692791 2
  -0.4752990  -0.1185825  -1.1065776  -0.3114441 2
  -0.3082203  -0.2317223   0.3332334   2.0889937 2
  -0.5137847  -0.3605620  -0.0562319   0.2284232 1
  -0.5532699  -0.4174029  -1.4072291  -1.7596037 0
  -0.4143618  -0.0179598   0.9974820   2.0108055 0
  -0.0272422  -0.3549417  -2.3218629  -2.2476617 1
  -0.1018422  -0.6249825   2.0301494  -0.2854382 0
  -0.0295914  -0.1052671  -2.9028097   1.8228110 2
   0.0726946  -0.2067909  -1.0222331   1.9654388 0
  -0.3356297  -0.0381171  -0.0850995   3.4400539 0
   0.0948650  -0.6573850  -0.1944545   0.0195836 0
  -0.4058866  -0.2218144   1.8229297   1.2292988 0
  -0.1815289  -0.1144972   0.0070167  -0.9413553 0
   0.5941347   0.0235624  -1.9980236   0.5277326 0
  -0.0434923  -0.1612959  -1.5970152   2.1579616 1
   0.6147926  -0.4571130  -0.9204847  -0.5209786 0
   0.3140711  -0.5713378   0.2783504  -0.6372589 2
   0.3137465  -0.3336074  -0.3591175  -2.3664004 0
   0.6482883  -0.2242517   0.8919939  -1.6385480 0
   0.3756797   0.2884902   0.0014099   0.4547382 0
   0.8051987  -0.1254354   0.0081385   0.8586068 1
   0.6951385   0.1789623   1.2103134  -0.2341588 2
   0.4349581   0.1043678   0.2446336  -0.9540030 0
   0.9715796   0.1652450   0.5803833  -0.9322986 2
  -0.9105995  -0.0554839   2.4665346   1.8245327 2
  -0.7056674   0.2151274   0.7527368   1.4617711 0
   0.9401668  -0.3174276   1.8435307   2.8074120 0
   0.8747176  -0.0222440   0.4600858   0.6392013 0
  -0.6199572   0.1996500   0.4911841   1.6176060 1
  -0.3502853  -0.1928844  -0.5983172   1.3864795 1
  -0.7187207   0.1345235  -0.3103133  -0.8117672 0
  -0.5223407  -0.1441102   3.3972769  -0.3561328 2
  -0.4989656  -0.1917333  -1.8822560   0.3278447 0
  -0.6361140  -0.3881176  -0.2887103  -1.8280230 1
  -0.3427643   0.2308820  -0.8829127   1.2496559 0
  -0.7362772  -0.0039792  -0.3805043  -1.3028447 2
  -0.4391024  -0.0729859   2.2936648  -0.9133697 2
  -0.2772454  -0.0368905   0.8548064   1.4451789 1
  -0.2131794  -0.2035615   1.0396091   0.4914217 0
  -0.3178888  -0.0917696   1.1571533  -1.0958729 0
  -0.0189463  -0.0206614  -0.2836877   0.6750315 2
   0.2504004  -0.3326924  -1.3083020  -0.8098802 2
  -0.1830781  -0.5182631   3.8450661   1.8935306 0
  -0.4694175  -0.3887212   1.0628405   0.7052499 0
   0.0298597  -0.2574937  -0.6082500  -0.2104232 0
   0.1558601  -0.2734400  -1.3473810  -0.9925323 2
   0.1886836  -0.0028627   2.4492774   2.9546443 0
   0.5866086  -0.2361344   0.7645695   0.7517923 0
   0.5851871  -0.0824715   0.8276084   0.2923677 1
   0.6583530  -0.3364359   1.5401795   1.2214380 2
   0.5521237   0.1548915   0.2502950  -2.7343489 0
   0.8251931  -0.3008678  -0.1196179   1.7987554 0
   0.8724276   0.1040906  -0.2422529   0.8255814 1
   0.7579478  -0.3393023  -1.7823403   0.2470112 0
   0.9264782   0.2147249   2.6407086   0.0959424 2
  -0.8295379   0.2910795   1.1649431   1.5347231 1
  -0.9391091   0.0140896   0.4350609   1.6359773 2
  -0.8625814  -0.1093774  -0.2324186  -0.0350382 1
  -0.7732772   0.0525733  -1.7595357  -1.4503326 0
  -0.7949269  -0.0577835   1.8863606   0.7276432 2
  -0.6641023   0.1670863   0.8010881  -0.1625882 0
  -0.5089598  -0.0815022  -0.7247558   0.2135071 0
  -0.7184731   0.0701495   1.3063291   0.6706909 2
  -0.6360969  -0.0899665   1.7691309   0.7672844 1
  -0.2385658  -0.0810669  -0.2168452  -0.5821672 0
  -0.5387228  -0.2299193   0.4187907   0.8086227 0
  -0.1507328   0.0710433  -0.4910107  -2.3931842 2
   0.0947308  -0.2577645   0.2211754  -0.9585949 0
   0.2021809  -0.1713356  -2.6938818   0.9652860 2
  -0.0749695  -0.3199489  -1.4898192   0.9618038 1
  -0.0144561   0.5971814   0.9085635   1.6176220 0
  -0.3214777  -0.1473946   1.1110818   1.8763264 0
   0.1520271  -0.1512114  -2.3085403  -3.2966957 0
  -0.0783494  -0.3742954  -1.9242215   0.0265443 0
   0.2113148  -0.4168330   1.1279266  -2.4380115 1
   0.7636722  -0.0859375   0.7594646   0.5272856 1
   0.1845471  -0.2246364   0.2567857   0.2223579 0
   0.5876240   0.1115945   0.0087155  -1.0211112 0
  -0.0317653  -0.2673674  -0.9297900   1.1909056 1
   0.3913721  -0.1305929   0.7466656   0.1727657 0
   0.3139070  -0.0307227   1.4447060  -1.5871587 2
   0.2476220  -0.0300628  -2.2455607   1.7308224 2
   0.7143405  -0.0500059  -0.6796495  -1.4371119 0
   0.6308123   0.0660169  -4.2272721   0.9522907 0
   0.8127092   0.2201761   0.7103831  -0.5418195 0
   0.8302220  -0.0708446   0.5886439   1.8384862 2
   0.9425021   0.1136997   0.5555205  -1.0094383 0
   0.9389557   0.4169948   1.3792805   1.0835527 2
  -0.8376336   0.4972748   0.7386497  -0.9641534 2
  -0.8399236   0.1727278   1.3264478  -1.3203615 1
  -0.9611860  -0.0415695   1.2380713   3.1739350 0
  -0.8475013  -0.1747022  -1.5040972  -0.6095304 2
  -0.3852588  -0.0712956  -0.1104279  -0.6560588 2
  -0.6958443   0.5683923  -0.7001921   0.8797886 0
  -0.3205498   0.0716399   1.5201068  -0.4783452 0
  -0.1428017  -0.0367446   1.1527981   0.5870586 1
  -0.1467920   0.0169918   0.1316577   1.0258124 2
  -0.2245963   0.1542388  -1.2870725  -1.7637371 2
  -0.3927990   0.1855250  -0.5501098   0.0338209 1
   0.0174588   0.1496716   0.3899641  -0.6466646 0
  -0.2079569  -0.0213797   0.3018539   0.7965457 1
   0.0747271   0.0399070  -0.1431664   0.5209396 1
  -0.0209607   0.0999352   2.8531903  -1.1919363 2
   0.2938890  -0.0913086   1.0839820  -2.9549620 1
   0.2398523  -0.4784332  -0.8450145  -1.5990871 2
   0.6688250  -0.1595121  -1.4162121   1.0651489 1
  -0.2106276  -0.3211107  -1.7372932  -0.1896843 2
   0.4654977   0.2071489  -2.1085119   1.5628872 2
   0.0713931   0.1916573   1.5355809   0.4890602 0
   0.3385326  -0.4139813   0.4289775  -2.3147642 0
   0.1904083   0.0777348  -3.1597230  -0.3463441 0
   0.3555309  -0.0773180   2.5730250   0.1428673 0
   0.1524095   0.0411127  -1.7351706  -1.6262448 0
   0.8101296   0.3979846   1.9499791  -0.4343059 2
   0.7741593  -0.0320891  -1.7004274   2.7468382 0
   0.6661134   0.2278012   0.5876628   1.8555430 1
   0.7737449  -0.2387233   2.0703167   1.8673461 0
  -0.9917621   0.3205757  -0.2332020  -1.3578511 1
  -0.8198871   0.0839995   1.6851116  -1.8638302 1
  -0.9128139   0.2115909  -0.4087588  -1.0775434 2
  -0.9520263  -0.1189113  -0.6345937   1.2039974 0
  -0.9349054   0.3344663   1.0928389  -0.4769850 2
  -0.6845232   0.0291402   2.2565385   0.0711201 1
  -0.1994342   0.1050118   0.1413928  -2.0251507 1
  -0.3213277   0.0176304  -0.5493411   1.6481337 0
  -0.6302310   0.5739276  -4.2155538   0.8740093 1
  -0.5896230   0.2476868   0.7678830   1.3012411 2
  -0.4465597   0.0295428   1.0412661  -0.3053182 0
  -0.4678641   0.1652058  -0.1613088   0.0237248 2
  -0.3722386   0.3171230  -1.4505925  -0.4639562 2
  -0.0844093  -0.0120187  -1.4091769   0.9332462 2
  -0.2635256   0.1106795  -2.7982345   2.4143605 2
  -0.4177940   0.0752509   0.8000982  -0.8883352 0
  -0.1360896  -0.2091949   1.8256128   1.2365295 1
   0.0265989  -0.1559573  -1.5261984   0.4093735 1
  -0.0698746  -0.2193682  -0.3711043  -1.8143039 2
  -0.0727791  -0.0627488  -0.9809532   0.1014941 1
  -0.3682887   0.4810969   1.2904603  -0.9316505 1
   0.4605274  -0.0938298  -0.0893089   1.1459761 1
   0.3102747   0.0284415   2.2152490  -0.7681074 0
   0.3087645   0.2985563  -1.8010581   2.5862161 2
   0.2370587   0.1903134  -0.8299601   1.1663031 1
   0.1798019   0.1366188  -1.2774127  -2.6752311 1
   0.2537298  -0.6598246  -0.0974071   1.3058425 0
   0.3391995   0.2479332  -1.8104917  -1.3349449 2
   0.6781326  -0.2863919  -1.0268572  -1.7336295 2
   0.8897257   0.1639505   1.9612061   0.3317066 0
   0.4257929   0.3432323  -1.4501909  -2.1391725 0
   0.7337592   0.3232563   1.5430873  -0.7981839 2
  -0.8871634   0.3571112   2.6758720   0.6911257 0
  -0.9126655   0.1571300   1.3429712   3.3662627 1
  -0.5957517   0.4836253  -0.3087430  -0.0999458 1
  -0.7715758   0.3093566   0.6016935   1.8900627 1
  -0.6636568   0.2518460   0.8423376   0.5677040 0
  -0.7757436   0.3717650   0.3348508   1.6729391 2
  -0.7010413   0.3117016  -0.8526817  -3.1235647 2
  -0.5199743   0.1254927   1.5577265   1.5850855 0
  -0.5789392   0.0223571   0.8852666  -0.6316811 0
  -0.6353018   0.3020078  -0.4837165  -0.4139692 0
  -0.3808236  -0.1385935   0.5550162   0.3563726 2
  -0.6017696   0.0784138  -0.9127545  -1.0645956 0
  -0.3272835   0.2802636   1.2110728  -0.7742768 2
  -0.3939862   0.2417738  -1.2234166   0.2185832 1
  -0.2366444   0.0513457   2.7915447  -2.2497094 1
  -0.2787336   0.2479161   2.1774956  -2.4726316 1
   0.1297828  -0.2077073   0.6407604  -1.5949779 0
   0.0140289   0.0380215  -0.4295401  -1.4948760 0
  -0.2740267   0.1891201   0.4760310  -3.6643789 0
   0.0537379  -0.4216361  -1.4118699   0.6696780 1
  -0.2324961   0.3432553  -0.5307236   0.4289928 0
   0.1133779  -0.0063036  -0.3956635  -0.4486755 0
   0.0097599   0.3757778  -1.7953552   1.1777414 2
   0.2360800   0.0241919   1.3187559  -0.2596496 1
   0.2683374   0.0682824   1.2572910  -0.2513569 2
   0.4393238  -0.1502114   0.3785459  -1.7569692 1
   0.2857863   0.1560180   1.2259485  -1.6302807 1
   0.5574726   0.2627189   0.1980307   1.7098211 0
   0.7226732  -0.4557554  -2.3342578  -1.8271587 1
   0.6319388  -0.0460180   1.2965008  -0.0395188 1
   0.7508595   0.2192701  -1.9165177  -0.1649354 0
   0.8684891   0.3789639  -0.2866551   1.0375622 2
   0.9049643   0.6562451   0.9002072  -0.5372697 1
   0.8414419   0.4449965   2.4700045   1.5317243 1
  -0.8434352   0.2331364  -1.9371277  -1.3505524 2
  -0.8170537   0.7300466  -0.3055103   0.0469350 1
  -0.9623936   0.2740716  -0.7246023   2.7645614 0
  -0.9965073   0.4736089  -0.1095674   0.1585157 2
  -0.5570699   0.1679886  -1.0972677   1.5229731 1
  -0.5574347   0.2901887   1.0805135   1.6262426 2
  -0.7280428   0.4682851  -2.1095321  -3.0309397 0
  -0.7865004   0.6725522  -0.2125128  -0.4408308 2
  -0.4241857   0.1318059  -1.6999495   2.3241314 2
  -0.6137456   0.3575816  -0.1234205   1.4763466 0
  -0.6067344   0.1398864  -0.1524254  -1.5778357 2
  -0.1896721   0.2617537  -0.0582534   2.4280747 2
  -0.4525836   0.2214871   0.2776221   2.0381215 0
  -0.5136426   0.0227848   2.8189585  -1.4263259 0
  -0.4349788   0.5504596  -1.0361944   1.0081033 0
   0.0525065  -0.0145105  -2.6276926  -0.7037715 2
   0.0823627  -0.1384448  -0.9759907  -2.3864577 2
   0.0224067  -0.0848257  -2.0806539   2.6199251 1
   0.2833932   0.2326877  -0.1803621  -2.4599641 0
   0.2268874   0.3780886  -0.4959799  -1.4537787 0
  -0.1188255   0.5339620   0.3159138   0.8413566 2
  -0.1417368   0.2962666  -0.6946934  -0.7149646 1
   0.5697298  -0.0285141   2.2753944   1.1437070 0
   0.0794983  -0.0789637  -0.5667503  -0.1195139 1
   0.2382425  -0.1178420   1.4589213   0.6831828 0
   0.3650820   0.0057167  -2.2298259  -1.6137123 0
  -0.9860467   0.2180438  -0.5495973   0.2517947 1
  -0.9367712   0.4743131  -2.6609251   1.4575901 0
  -0.8713232   0.1122149   2.0967230  -3.8230997 1
   0.5528360   0.6227876   2.4702035  -0.4272123 1
  -0.8783589   0.4483718  -2.1774282  -1.6127270 0
  -0.8071879   0.0069164  -2.8569878   2.7897447 1
  -0.7438168   0.2524129  -2.0084354   1.3717676 0
  -0.9430996   0.3990066   0.5474513  -0.9823415 0
  -0.8876652   0.5229046  -0.9746395   3.9539619 1
  -0.7690313   0.1949870   1.1917962   0.2739009 0
   0.9004312   0.4582748  -0.3030004  -0.2088332 0
  -0.6686849   0.0926891   0.2867002  -1.4453551 1
  -0.7273922   0.3962108   0.0419278   3.7351787 1
  -0.8022420   0.4220130  -0.3569236  -0.6392600 0
   0.9781778   0.5255988   2.0159843  -2.1604452 2
  -0.6386838   0.7478269   1.2730709  -0.9465655 1
  -0.6229444   0.7974964   1.4327366   1.1260358 0
  -0.4747680   0.0979994  -1.4727527   0.7079200 0
  -0.3174461   0.6867557  -0.5571818  -0.6372895 0
  -0.1166473   0.1751471   1.5902719  -0.1235139 1
  -0.0706894   0.3261236  -1.5876922   1.0647616 0
  -0.0578291   0.0376963   0.0906094   0.7789356 1
  -0.3169921   0.4346423   1.5369639  -0.2976065 2
  -0.1090281   0.4173284   0.6001199  -2.3487729 0
  -0.1038699  -0.2645760  -2.5963576  -1.8242571 2
  -0.0955023   0.2440578  -0.4923363  -2.0926705 2
   0.2103183   0.2400003  -0.5152934  -0.0592784 0
   0.1197041   0.1665978  -1.9212249  -0.4050822 0
   0.5174633   0.2108394   0.4935343  -1.0825279 0
   0.1889423  -0.0782721  -1.5459712   1.5343480 0
   0.4442342   0.2607492   2.2067160  -0.7335797 1
   0.6968793   0.4293412   0.7803519  -0.3721551 0
   0.4069197   0.2075441  -1.0796224   0.1683199 2
   0.6897970   0.4826980  -2.2302716  -0.5927040 0
   0.7246352   0.2691929  -3.0772441  -1.6685585 0
  -0.9045728   0.2687456   0.1622985   0.8568630 0
   0.4172016   0.5414442   0.3195513  -3.2606433 2
   0.8462576   0.2807677  -0.2671755   1.9610254 0
   0.7540127   0.4413278   1.7757204   0.5869964 2
   0.8265545   0.3319724  -2.0858682   1.0189937 0
  -0.8329077   0.3757131  -1.1209766  -0.7353052 0
   0.9601378   0.2908893   0.1028060   2.1202388 0
  -0.7531562   0.7374030  -1.2690618   2.7866583 0
  -0.5904930   0.4056001  -0.0646782  -1.6588024 0
  -0.7808827   0.4797503   1.3027482  -0.4285330 1
  -0.4848319   0.5078558  -1.8709596   1.9157371 2
  -0.5289397   0.5957728  -0.0845128  -1.2716829 0
  -0.2832314   0.3172989   0.8908125   0.8580961 2
  -0.4353576   0.6497415   2.8738267   0.7974347 0
  -0.3642585   0.4026744  -0.0062676  -1.9074119 2
  -0.5110347   0.2449152  -1.4811653  -0.6181095 0
  -0.5355672   0.4638363   4.5181243   0.7568000 0
   0.0442814   0.0905400   4.8908475  -1.2038471 0
   0.1162720   0.0836645  -0.6901720   0.8234981 0
  -0.0579432   0.4328562  -0.6032097   1.6731621 0
  -0.2586814   0.4009846   1.2100096  -2.7183083 0
  -0.3723729   0.1078046  -0.4566021   0.6608789 0
   0.2361959   0.1228465   0.9982101  -2.1832192 0
   0.3430919   0.1929622  -1.1806845   2.6800361 1
  -0.0304928   0.2590068  -2.2254460  -1.4284016 0
   0.4817709   0.3303536  -1.3405436  -0.6549906 1
   0.5279058  -0.1025128   0.4743857   2.0175559 1
   0.5218334   0.0048341   0.3001084   2.2237597 1
   0.4848592   0.1251219   0.2448165   0.7208116 0
   0.4459087   0.0134168  -0.3287879   0.6086535 0
   0.2581097   0.4974619  -1.0325183  -2.1448987 0
   0.6630639   0.3030332   0.0546040  -0.9035592 0
   0.6758011   0.5412948   0.6299248  -0.4049353 2
   0.5733227   0.5202155   0.3180667  -2.3183092 2
   0.7818969   0.2715204   0.9115285   0.4425941 2
   0.0718539   0.3428384  -0.3628722  -0.3239863 0
  -0.7809075   0.1305637  -0.4690025   0.4449487 2
  -0.9865594   0.7620536  -0.8698801   1.2634747 0
  -0.1886081   0.6505394   0.7213844   2.0137019 0
  -0.6779519   0.3779666  -2.2456822  -1.0701639 0
  -0.4848283   0.6634922   0.1570298  -0.7977340 0
  -0.6952764   0.6223266  -0.1923159   0.4550063 2
  -0.4727577   0.7463129   2.4121294   0.8627295 0
  -0.7280295   0.6774418   0.1883919   1.0151085 1
  -0.4295470   0.2862292  -1.3683552   1.8899196 1
  -0.3788063   0.0348436  -1.8113745   0.1740875 0
  -0.6324344   0.6318253  -1.7646590   1.9780074 2
  -0.1653706   0.1478818  -0.5371528   3.2566798 2
  -0.2303330   0.8341544  -0.4975620   0.1932618 0
  -0.4868301   0.2978503   1.5176644  -0.0715284 0
  -0.4557434   0.3617166  -1.2531634   0.3534973 2
  -0.1156505   0.3680482  -1.6100217   0.5732808 2
   0.1261810   0.3347266   1.0054224   0.1877244 2
   0.0235598   0.2232855   0.9071705  -2.4755553 0
  -0.0710406   0.1261877   0.7769429  -0.0026290 0
  -0.0454243   0.1991671   1.1248234   1.7999498 0
   0.3759351   0.1212145  -1.5550818  -0.4355585 2
   0.4902307  -0.0414480   1.2231813   2.0013479 0
   0.4981613   0.2745074   1.4885780   0.3478604 0
   0.6801930   0.0151601   1.9383685   1.8457112 1
   0.7987843  -0.1867001  -1.1454722  -1.7983702 2
   0.7134947  -0.2131834   0.6812201  -0.9262283 0
   0.3476120   0.3417735   0.0469622   0.5140514 2
   0.8337468   0.1665585   0.0692301  -1.2168473 2
   0.5962547   0.8618442  -1.1050817  -0.2459764 0
   0.6629182   0.6055761   0.6102003  -2.3675302 2
   0.7470022   0.4959147  -0.8299558   1.2591563 0
   0.9010262   0.2710219   2.0253379  -1.5318975 2
   0.9451072   0.3530971  -1.4306139   2.1452300 0
   0.8085018   0.4935712   1.1893306   0.5373784 2
   0.8713041   0.2209451   1.1955620  -0.6166593 1
   0.6639619   0.6698967  -2.5862063  -0.0486450 0
  -0.8726198   0.5748497   1.0209194  -1.1699996 0
  -0.5836937   0.6616842   0.7337382   0.8762300 2
   0.8852064   0.3258986  -1.2180086  -2.4517703 0
  -0.4285659   0.7081530  -0.4056585   0.2712040 0
  -0.5247500   0.3982413  -1.1893582  -0.9436483 1
   0.9223191   0.5251831   0.4475667   1.4284770 1
  -0.4323660   0.7798992   0.8246234  -0.5117360 0
  -0.3207856   0.9229224   0.9636245  -2.0854543 0
  -0.4831055   0.4414914   0.0790281   1.9593901 0
  -0.7492713   0.5829593  -0.2573362   0.0629958 1
  -0.5848733   0.5983973  -3.7768585   1.7530000 0
  -0.1431683   0.4682869  -0.8277909   0.6901267 1
   0.0805094   0.1357388   0.8286806   0.7792118 2
  -0.0477308   0.3802583   0.6236889  -2.6343535 0
   0.0276040   0.2863347  -0.3777722   1.0682887 0
   0.3203813   0.7823670   2.7250022   0.2316223 0
   0.0600243   0.4834061  -1.1530306   1.2280065 0
   0.2623658   0.5708602   0.4429064  -0.2109010 1
   0.6207684   0.4180843  -0.6096434   1.5524540 0
   0.3312836   0.3960208  -0.8962709  -0.1492977 2
   0.5951805   0.2193444  -2.3028843  -1.8850335 0
   0.1325639  -0.0900652  -0.8652152   0.3211557 0
   0.5835987   0.3722207   1.3668385   1.2663491 2
   0.4429696   0.4001760  -1.4311613   0.4360933 2
   0.7963476   0.1097580  -1.1699515   0.2582013 0
   0.6239285   0.1578855  -1.1851956   0.5598556 1
   0.7793146   0.1678036  -0.9538518  -1.0313126 0
   0.5272064   0.5534552  -0.0740106  -1.4428336 0
   0.7438885   0.3757757   1.2520526   0.3680066 1
   0.9529391   0.4694378   0.0366194  -0.9213231 0
   0.5942772   0.5823421   2.6123447  -0.9029973 1
   0.7834073   0.6197291  -0.5365246  -0.1446453 0
  -0.9296611   0.5975597  -0.8908039  -0.9055841 1
  -0.8826561   0.6272305  -0.0741662   1.0238464 0
  -0.8470094   0.8633850   0.0665278   0.2840027 1
  -0.9615794   0.5411633   0.7244314   1.7610531 2
  -0.8443410   0.6758099  -0.0420510   1.4746657 1
  -0.6424631   0.5134750  -2.5623461   1.2525140 1
  -0.5550776   0.5353192   1.0067744   0.1530200 0
  -0.2354744   0.5792188   0.5741094   1.2133396 0
  -0.3756026   0.6766407   0.0868459   0.8148853 2
  -0.1007955   0.6031567   0.7768573   0.2918545 1
  -0.0879925   0.4878404  -0.6021462   0.5935584 2
   0.1326283   0.2355673   0.0654774  -0.4224202 1
  -0.1705893   0.5942136  -1.8497454  -0.3417021 0
   0.1676420   0.2884203  -0.9731419   0.2417451 2
   0.0043105   0.5414333  -0.1788172   1.3002198 2
   0.5617862   0.9621364   0.8070672   1.5217038 1
   0.1694263   0.4230188  -0.7538212  -0.6692172 1
   0.1014721   0.3883440  -0.6299357   0.5580932 0
   0.7293187   0.1310114   2.3217783   1.1787684 0
   0.6270861   0.5057960  -1.5234775   0.9245663 1
   0.3101795   0.5251172  -3.7261377   2.0565851 2
   0.4044797   0.0489180   0.4802927   1.4068137 0
   0.2107444   0.5400066   0.2128823   3.5259763 0
   0.4252103   0.4771562   1.6409691  -0.4854570 0
   0.7964650  -0.6667463  -1.4310357   0.0360130 0
   0.3437118  -0.8023144  -1.7706105  -1.8464019 0
   0.6421161   0.8252987   0.0687952   1.1940618 1
   0.4544269   0.7561356   0.4483809  -0.7361018 1
   0.8085882   0.5595408   0.7966423  -0.4731917 2
  -0.7833819   0.8148577   1.4638422   0.0300561 1
   0.6092475   0.6381426   0.0394871  -1.0854168 1
  -0.6717238   0.8193415   3.0678174  -1.2636855 0
   0.9436515   0.7199468   1.3538677   0.8175179 0
  -0.8141555   0.5489447  -1.7466355  -0.6192216 0
  -0.5527168   0.8289431   1.5666662   0.7820479 1
  -0.6637409   0.6868606  -1.7527394   0.9851195 2
  -0.9096955   0.8663844   1.2820009  -1.8258063 2
  -0.3901217   0.6109175   1.1020479  -1.0901920 0
  -0.6647231  -0.9207059  -0.2945200   1.3383617 2
  -0.4218335   0.4954490   0.7099956   1.3621933 2
  -0.4357850   0.4170836   0.6017214   0.1363111 1
   0.0683900   0.5528504   2.5398794  -0.3539532 0
  -0.7270892   0.5212501  -0.8009067  -2.7693070 1
   0.2052419   0.8398377   1.5212785   1.1238810 0
  -0.1776541   0.3447322   0.3163217   0.0821308 1
  -0.0614314   0.6412977  -1.9189049   0.7428345 0
   0.1646274   0.4831133  -0.1284195  -1.4596970 0
   0.2795895   0.8335729   0.3261321   1.4009775 0
   0.2457531   0.2776359   0.0699476   2.7948837 2
   0.2114122   0.3219083   1.8535871  -0.0314997 0
   0.5754030   0.3159714   0.2214489   0.9597835 0
   0.4398296   0.1587921   1.9526741   1.9333483 1
   0.2141939   0.7841059  -1.5886418   0.5010399 0
   0.4874259   0.8828440  -1.8100069  -1.2202636 0
   0.1996016   0.5932487  -0.4712351  -0.3405921 2
   0.5010583  -0.9878780  -1.5541329   0.2848617 2
   0.3605797   0.6351618   0.6341384  -0.2823398 0
   0.5146158   0.7688261   0.1554934   1.3810531 1
   0.3070892   0.4646884   0.6739152  -0.1072953 0
   0.4544930   0.5879236   1.2095046   0.7160441 2
   0.7851446   0.7258760   1.1853567  -2.2199014 2
   0.7264486   0.6048775   2.3767937  -3.4426954 1
  -0.9358119   0.7410999   1.6431946  -1.2452680 0
  -0.8817774   0.7642118  -1.0057382  -0.4304240 2
   0.7361726   0.9108393   0.4741387   1.7220400 0
  -0.6315786   0.8587609   1.3786708  -0.9726130 0
  -0.4212102   0.8617857   1.5808235   2.2998695 1
  -0.7185395   0.8574934  -0.2286775   0.9776205 1
  -0.5554715   0.3465216  -2.0543045   1.2056035 1
  -0.5945861   0.7143402  -1.0866141   1.0369405 0
  -0.6447751   0.4411047   1.0677457   1.7255478 0
  -0.5064674   0.9909682   2.8056090  -3.3478151 0
  -0.2012813   0.4587302   0.1211580  -0.9671789 1
  -0.3322776   0.1576183   0.4418841  -1.0292127 0
  -0.3070068   0.3700099  -0.6765727  -1.6279182 0
   0.1457508   0.5464375  -1.2191348  -1.5820381 2
  -0.2380577   0.2874343  -0.4125115   1.2883939 2
   0.3823396   0.4299142   0.3624400   2.7320002 2
  -0.0082372   0.7161820  -0.1821576  -0.3341146 0
   0.0629455   0.4298910  -1.8082214  -0.9860116 2
  -0.0088993   0.3238483   1.7295125  -0.5369135 0
   0.3811902   0.9208156   0.8612379  -0.5722016 2
   0.1226258   0.4443392  -0.8624966   2.9692223 0
   0.5337533   0.4807724  -0.0036816  -1.9178147 0
   0.1550943   0.7594579   1.2712112   0.5607180 0
   0.4929890   0.6429178   0.9986608   0.0912826 0
   0.2812933   0.4097512   1.2244067   0.7364371 1
   0.6362023   0.3533901  -1.8698470   2.1393550 1
   0.4862310   0.4448729  -0.5866763  -2.5787340 0
   0.6866040   0.9517899   0.0494880   1.1709442 1
   0.5680825   0.6870540  -0.5433724   1.8835781 0
   0.5077577   0.7111487   0.3172300  -0.6920686 2
   0.8694856   0.5057011   0.6258826   1.2434676 2
   0.5781756   0.8037834   0.5690155   1.3606624 0
  -0.9971938   0.6458081  -1.7694695   0.8651779 0
  -0.9980283   0.7093277   2.0420384  -0.6175431 2
  -0.7248562   0.9748636   0.3800278   0.5502113 2
  -0.6936855   0.7551969  -0.3654457   1.4512773 0
   0.9497117   0.7813595  -0.2804172   0.2015727 1
   0.9522874   0.5984973   1.1381603   1.2886854 0
  -0.3201692   0.6307975  -0.2324114  -0.4285210 0
  -0.2219368   0.5246019   1.6655996  -0.2589706 2
  -0.3277751   0.7384877  -1.4023186   2.0380055 0
  -0.2500614   0.9077863   2.1627477  -2.0711303 1
  -0.8163194   0.6126935   0.2637804  -1.5819239 0
  -0.3493843   0.9698715  -1.7740284  -2.4789811 0
  -0.4009733   0.3638393   0.3460558  -0.8678749 0
  -0.4637653   0.6011824  -1.2160797   2.2798217 1
  -0.0297472   0.5024809  -0.8837318  -1.6100876 2
   0.3171471   0.6704360  -1.7680264  -2.0698394 0
   0.1073284   0.6453769  -2.4417186   0.4477590 0
  -0.1522762   0.2222426  -0.6010627   1.4285100 1
  -0.1698391   0.4002375   1.6045359  -1.5135290 1
   0.2513602   0.6289087   0.2469633   4.1448208 2
   0.1729852   0.3682562   0.1295868  -1.1876751 1
   0.1834807   0.7070335   1.2419520   0.5580604 0
   0.7054460   0.7110079   1.1446540   0.9815025 0
   0.4198576   0.8617118  -1.9300184  -0.9230053 0
   0.5308406   0.3607716   0.8456729  -1.6219223 0
   0.3625881   0.4889102  -0.8459045  -0.7323669 0
   0.5380007  -0.6439179  -3.1279998   0.1050062 1
   0.6245504   0.7264579  -2.2567079   0.3200243 0
   0.8143737   0.6686889   1.2141241   1.4334390 0
   0.4316084   0.6377907   1.7079949   0.2364849 2
   0.6897995   0.3659316  -1.1131839  -2.7316894 0
  -0.9912133   0.8182406  -0.6428241  -2.7219395 0
   0.5683080   0.7451674  -0.9118942   0.3251742 0
   0.8299423   0.8436819  -0.9957501  -0.7276146 0
  -0.6403243  -0.7373078   1.5297301   0.0284445 1
  -0.9334778   0.6630990   2.8790773  -0.0701441 1
  -0.5822345   0.7647190   0.5617810   0.4056647 1
  -0.9897137   0.5895351  -1.1617875   0.8018192 2
  -0.3798096   0.7320089   0.2543298  -0.7696497 0
  -0.3283105   0.5159386   0.4826871  -0.7200035 0
  -0.9660623   0.8792733  -1.1948541   3.2661343 0
  -0.3719225   0.5528911   1.8792386   1.3410436 1
  -0.2658042   0.9559036  -2.1186506  -1.4357158 0
  -0.1980802   0.8928315  -3.0708089  -1.1954215 2
  -0.4415964   0.9108910   0.0883420  -2.9722340 2
  -0.2108901   0.2125158   0.5672627  -3.2511577 2
  -0.3095963   0.5757386  -2.6512401  -1.2400035 0
  -0.0645030   0.5482553   1.1960998  -0.4824275 0
   0.0541339   0.7386821  -1.6403225  -1.3109648 1
   0.1414660   0.6019265  -0.7433894  -0.0526534 0
   0.2724077   0.7496334   1.1014099   2.3518860 2
   0.0813385   0.2652923  -0.3804756   1.0503767 0
   0.1371407   0.8642302   0.8902118  -0.2403750 1
   0.2278060   0.4401936   0.7679790   0.3692633 0
   0.2876160   0.3539695  -1.3031543   3.3612654 2
   0.2514223   0.8923630   1.9362941   1.3130731 0
   0.7059535  -0.8525316   0.6162646   1.5678927 1
   0.4633161   0.8209632   0.7644775  -0.4060514 0
   0.3714493   0.5712349  -1.2782518  -0.1574028 0
   0.6374781  -0.9363830  -0.8762996  -0.1782756 2
   0.8897158   0.8733530  -1.5907811   0.5782918 2
   0.6877091   0.8682481   0.1675973  -1.7617644 2
   0.8636287   0.7023735   0.9413740  -0.0836789 0
  -0.8916720   0.6974615   2.7049033  -0.2579439 0
  -0.4772126   0.8537313  -0.4352750  -0.1703258 2
   0.6388208   0.9008088   0.5914740  -1.2472099 0
  -0.6333155   0.9641807   0.1646143  -0.4595919 0
  -0.4998301  -0.9320624  -1.6830596  -0.3967505 2
  -0.6756790   0.8977702  -0.7567044   1.3682389 2
  -0.6014827  -0.9210944   2.1493560   2.0584075 0
  -0.9967740   0.9211022   0.8441245  -0.9101633 2
  -0.3973646  -0.8402102  -0.9677254   0.8591100 0
  -0.5528109  -0.9641370   0.9295121  -0.9474562 2
  -0.5467279  -0.8175347   1.6203522  -0.1831500 2
  -0.5535943   0.9488193   0.7904658  -0.4968353 0
  -0.5515749  -0.6946303   2.7238482  -0.1214824 2
  -0.4962101   0.8034490   1.9852040  -0.3745293 0
  -0.1527558   0.8491755   0.4718726  -0.1942324 2
  -0.2729841   0.7886513  -1.8184259  -0.7523588 0
   0.1496586   0.9511466  -1.2476570   0.9113349 0
  -0.0675937   0.7974070   1.7254394   0.1643956 0
   0.1108181   0.5022085   0.6404296   1.2049725 1
   0.0684187  -0.8896861   0.2530536   1.7863916 2
   0.4434565   0.6975303  -2.3293344   0.6778324 2
   0.0122340   0.4385927   1.8241448   0.1208715 0
   0.4763697   0.5054434   1.2896490  -2.6748139 1
   0.3464507   0.8496413   1.4832307   0.8218010 2
   0.2386631   0.6833409  -2.0053854   0.7980344 2
   0.5023871   0.9496267   0.8443445  -1.7279866 2
   0.3558829  -0.6120733  -1.7028375  -1.9132595 0
   0.2535530  -0.9904014   0.7360467   1.4710799 2
   0.4603563  -0.8398790  -0.0759524  -0.7715525 0
   0.7656506  -0.8777585  -0.0088256  -0.3708520 0
   0.5405544   0.4204919  -4.6005249  -1.0260305 2
   0.7503494  -0.6968518  -0.3156029  -2.4978598 1
   0.8906671   0.7601875  -0.9063070  -1.5595062 0
   0.7753647   0.8608560  -0.1457849  -0.6753436 0
   0.7891230   0.9425425  -1.2596986  -1.3632736 0
  -0.5880417   0.9946572   0.4440415   0.0961155 1
  -0.7874625   0.8762018  -2.3347435   0.5812923 0
  -0.5371902   0.8914307   0.6503829  -1.7731279 1
  -0.9268318  -0.8665749   1.2119125  -0.8682893 2
  -0.4700667  -0.8863025   0.7093785   2.5521039 0
  -0.5419360  -0.8876103  -0.1058609  -1.4510391 1
  -0.4146325  -0.9130748  -1.4402842   0.0785161 2
  -0.3284953   0.7934654   0.4042373  -0.2195981 1
  -0.3822080   0.9237462  -1.3293165   0.6711911 0
  -0.2518418   0.6424888  -0.4839253   1.6132240 0
  -0.2040782   0.9570744   1.3182009   1.4110216 0
   0.0463026   0.8829019  -0.4381903  -0.2320386 0
  -0.1470640   0.7277930   0.3632593  -0.9538009 2
   0.0850698   0.8453507  -1.3315007  -0.8843752 0
  -0.1449645  -0.6853976   1.3957006  -0.3334431 0
   0.0521401   0.6090830  -0.7660399  -0.9809925 0
   0.0982004   0.9076968   0.2245802  -2.9692983 0
   0.1677887   0.1966688  -3.0520844  -1.6150028 0
   0.4656275  -0.8942040  -1.2358147  -0.5196210 1
   0.3067850   0.6083428  -2.1221723  -1.3081331 0
   0.3319136   0.7235354  -1.4747411  -0.6864165 0
   0.4423234  -0.7848899  -0.4150408   0.2428748 0
   0.3882045   0.6858869  -1.1921715  -0.0124377 1
   0.5883412   0.4625483   0.4482184  -1.0031308 1
   0.5809820  -0.9256959   2.9204349  -2.5059431 1
   0.7219025   0.8233952   1.4985315   0.9210886 1
   0.6868332  -0.9793466  -0.7569373  -2.1860919 0
   0.8822261   0.5966080  -0.4015302   1.5976818 1
  -0.8371122   0.8005673  -1.2544199   0.5177912 1
   0.5771682  -0.7257082   1.8263629   0.6708625 1
  -0.6029434   0.9095795   0.3510806  -1.4942809 1
   0.8325925   0.9646296   0.6646574  -0.1671149 1
   0.7595949   0.6686841  -0.2928808   0.1568964 0
  -0.7302858   0.7974772   4.2454127  -0.9482686 0
  -0.8443872   0.9510883   1.8018960  -1.9369044 2
  -0.3562557   0.8738631   0.6472874   0.6146787 2
  -0.7727589  -0.9051892   1.1993082   1.4661843 0
  -0.7733434  -0.9768984  -2.0934605   0.8501115 0
  -0.4449229  -0.9583991  -0.5676455   0.9547134 2
  -0.4792062  -0.7016589  -0.1855122   1.0968163 2
  -0.0938553   0.7457085   1.5111505   0.7561222 0
   0.0113109   0.6456609   1.4623902  -0.5944152 0
   0.1040464   0.7722425  -1.5623151  -0.0458024 0
  -0.2655726   0.4828103  -2.8319639  -1.5907480 1
  -0.1153824   0.6596337  -1.6237611   0.3853821 1
  -0.0000422   0.7758445  -0.2927831   0.6117671 0
  -0.0000861  -0.4624535   0.7860475   1.3751413 1
  -0.0052695  -0.4047352   2.0707279   0.3786251 0
   0.1176919   0.9991948  -2.5805968  -2.3564244 1
   0.0052523  -0.9497413   3.6500882   2.0737608 0
   0.0475516   0.8034684  -2.5338293   0.5887895 0
   0.3907605   0.8090295  -1.0476248  -0.1589591 2
   0.4026067   0.7497670   0.9171198  -1.7725136 1
   0.6698734  -0.7970131  -1.4755157   1.0849572 0
   0.5277508   0.8290053   0.8971704   0.7606300 2
   0.2232106  -0.7786372  -1.6110037  -1.0252261 1
   0.5526344  -0.9825033  -0.5973643   0.7633234 1
   0.3088268   0.9136387   1.4649095  -3.1564022 0
   0.5485873   0.9125095   0.5819422   1.3143909 2
   0.7017384  -0.9246031  -2.8104220  -3.6257354 0
   0.7432126  -0.8024821  -0.0613552   0.5893758 1
   0.6700493   0.7702839  -2.1160436   0.8959930 0
